[3.366e-16 0.000e+00 0.000e+00 0.000e+00 0.000e+00 1.503e-02 0.000e+00
 0.000e+00 6.425e-17 0.000e+00 0.000e+00 4.257e-11 2.997e-16 0.000e+00
 0.000e+00 0.000e+00 2.616e-17 0.000e+00 2.544e-02 0.000e+00 0.000e+00
 0.000e+00 1.774e-15 1.259e-09 0.000e+00 0.000e+00 0.000e+00 0.000e+00
 4.186e-32 0.000e+00 0.000e+00 0.000e+00 0.000e+00 0.000e+00 4.186e-32
 1.384e-02 4.495e-23 0.000e+00 0.000e+00 2.129e-02 0.000e+00 0.000e+00
 0.000e+00 0.000e+00 0.000e+00 0.000e+00 0.000e+00 1.436e-02 0.000e+00
 4.186e-32 0.000e+00 0.000e+00 0.000e+00 0.000e+00 1.468e-02 0.000e+00
 0.000e+00 0.000e+00 0.000e+00 1.586e-10 0.000e+00 0.000e+00 0.000e+00
 0.000e+00 0.000e+00 0.000e+00 0.000e+00 0.000e+00 0.000e+00 0.000e+00
 1.473e-18 0.000e+00 0.000e+00 0.000e+00 0.000e+00 0.000e+00 0.000e+00
 0.000e+00 0.000e+00 0.000e+00 0.000e+00 0.000e+00 0.000e+00 1.567e-02
 0.000e+00 2.792e-02 0.000e+00 0.000e+00 2.249e-02 0.000e+00 0.000e+00
 0.000e+00 2.515e-02 0.000e+00 1.841e-02 2.121e-02 2.251e-02 0.000e+00
 0.000e+00 0.000e+00 0.000e+00 0.000e+00 0.000e+00 1.186e-19 0.000e+00
 0.000e+00 0.000e+00 0.000e+00 0.000e+00 0.000e+00 1.226e-16 1.372e-27
 0.000e+00 0.000e+00 0.000e+00 1.022e-19 0.000e+00 1.427e-10 0.000e+00
 0.000e+00 0.000e+00 0.000e+00 0.000e+00 0.000e+00 0.000e+00 0.000e+00
 2.076e-02 0.000e+00 0.000e+00 0.000e+00 0.000e+00 0.000e+00 0.000e+00
 1.277e-36 0.000e+00 0.000e+00 1.687e-19 6.704e-17 7.674e-19 2.263e-02
 0.000e+00 0.000e+00 2.118e-17 0.000e+00 0.000e+00 0.000e+00 0.000e+00
 0.000e+00 0.000e+00 0.000e+00 0.000e+00 1.833e-29 2.044e-02 0.000e+00
 0.000e+00 0.000e+00 0.000e+00 0.000e+00 0.000e+00 0.000e+00 0.000e+00
 0.000e+00 0.000e+00 0.000e+00 0.000e+00 0.000e+00 1.522e-02 0.000e+00
 0.000e+00 0.000e+00 0.000e+00 2.474e-17 2.570e-02 0.000e+00 0.000e+00
 0.000e+00 1.130e-09 4.663e-17 0.000e+00 0.000e+00 1.534e-02 0.000e+00
 0.000e+00 4.498e-19 7.883e-11 0.000e+00 0.000e+00 0.000e+00 0.000e+00
 1.939e-17 0.000e+00 0.000e+00 0.000e+00 1.393e-10 2.824e-02 0.000e+00
 0.000e+00 1.425e-10 0.000e+00 0.000e+00 0.000e+00 0.000e+00 0.000e+00
 0.000e+00 2.234e-02 1.629e-02 2.369e-02 0.000e+00 0.000e+00 0.000e+00
 0.000e+00 0.000e+00 0.000e+00 0.000e+00 0.000e+00 2.612e-02 0.000e+00
 0.000e+00 0.000e+00 2.429e-02 0.000e+00 2.431e-02 7.721e-19 0.000e+00
 9.940e-11 0.000e+00 0.000e+00 1.666e-02 0.000e+00 0.000e+00 1.299e-09
 1.465e-15 0.000e+00 0.000e+00 8.655e-17 0.000e+00 0.000e+00 0.000e+00
 0.000e+00 0.000e+00 1.771e-02 0.000e+00 0.000e+00 0.000e+00 0.000e+00
 0.000e+00 0.000e+00 1.423e-10 0.000e+00 1.649e-15 0.000e+00 2.556e-02
 2.390e-02 1.563e-10 0.000e+00 0.000e+00 0.000e+00 0.000e+00 0.000e+00
 0.000e+00 0.000e+00 0.000e+00 0.000e+00 0.000e+00 0.000e+00 0.000e+00
 0.000e+00 5.336e-21 0.000e+00 0.000e+00 0.000e+00 0.000e+00 1.009e-10
 8.542e-20 0.000e+00 0.000e+00 2.223e-02 0.000e+00 0.000e+00 0.000e+00
 8.895e-11 0.000e+00 0.000e+00 0.000e+00 0.000e+00 0.000e+00 0.000e+00
 0.000e+00 0.000e+00 0.000e+00 0.000e+00 0.000e+00 0.000e+00 9.520e-11
 0.000e+00 0.000e+00 0.000e+00 0.000e+00 0.000e+00 6.093e-11 2.488e-02
 0.000e+00 2.222e-02 0.000e+00 0.000e+00 0.000e+00 0.000e+00 0.000e+00
 0.000e+00 0.000e+00 0.000e+00 2.010e-02 1.201e-09 1.363e-02 0.000e+00
 0.000e+00 0.000e+00 0.000e+00 1.440e-10 0.000e+00 0.000e+00 0.000e+00
 0.000e+00 0.000e+00 0.000e+00 0.000e+00 0.000e+00 0.000e+00 0.000e+00
 6.130e-17 0.000e+00 0.000e+00 6.768e-20 1.074e-10 0.000e+00 0.000e+00
 0.000e+00 0.000e+00 0.000e+00 0.000e+00 0.000e+00 0.000e+00 0.000e+00
 0.000e+00 0.000e+00 0.000e+00 0.000e+00 0.000e+00 2.732e-02 7.234e-11
 1.358e-15 0.000e+00 2.390e-02 0.000e+00 0.000e+00 0.000e+00 0.000e+00
 0.000e+00 1.009e-10 0.000e+00 0.000e+00 0.000e+00 0.000e+00 2.222e-02
 0.000e+00 0.000e+00 0.000e+00 4.936e-11 0.000e+00 0.000e+00 0.000e+00
 0.000e+00 0.000e+00 0.000e+00 0.000e+00 0.000e+00 0.000e+00 1.342e-10
 0.000e+00 2.251e-02 0.000e+00 0.000e+00 1.906e-02 0.000e+00 0.000e+00
 0.000e+00 0.000e+00 4.495e-23 0.000e+00 0.000e+00 2.470e-02 0.000e+00
 0.000e+00 0.000e+00 8.689e-11 0.000e+00 2.390e-02 0.000e+00 1.735e-02
 0.000e+00 0.000e+00 0.000e+00 0.000e+00 0.000e+00 1.646e-15 0.000e+00
 0.000e+00 0.000e+00 0.000e+00 9.383e-13 0.000e+00 6.931e-20 0.000e+00
 0.000e+00 7.907e-10 0.000e+00 0.000e+00 0.000e+00 0.000e+00 0.000e+00
 0.000e+00 1.658e-02 0.000e+00 1.929e-02 0.000e+00 8.300e-19 1.112e-09
 0.000e+00 0.000e+00 0.000e+00 0.000e+00 0.000e+00 0.000e+00 0.000e+00
 0.000e+00 0.000e+00 1.336e-09 6.302e-11 0.000e+00 5.336e-21 0.000e+00
 0.000e+00 0.000e+00 0.000e+00 0.000e+00 0.000e+00 0.000e+00 0.000e+00
 0.000e+00 1.601e-02 0.000e+00 0.000e+00 8.622e-10 1.645e-02 0.000e+00
 0.000e+00 0.000e+00 0.000e+00 0.000e+00 0.000e+00 0.000e+00 0.000e+00
 0.000e+00 1.372e-10 2.044e-02 7.426e-12 0.000e+00 0.000e+00 0.000e+00]