[0.000e+00 2.412e-27 6.674e-17 1.650e-12 1.470e-03 1.663e-03 5.593e-02
 6.480e-19 2.043e-17 3.410e-17 6.496e-17 4.595e-11 1.852e-16 1.650e-12
 1.650e-12 2.619e-03 5.446e-19 3.539e-15 2.619e-03 3.539e-15 7.904e-23
 3.063e-03 7.934e-16 2.509e-10 2.590e-18 7.934e-16 9.415e-02 1.470e-03
 7.767e-10 2.619e-03 1.261e-19 6.674e-17 1.376e-03 2.070e-16 2.412e-27
 4.114e-03 5.867e-19 1.650e-12 6.578e-03 2.821e-02 1.376e-03 8.416e-11
 1.671e-11 2.590e-18 6.496e-17 2.412e-27 8.860e-17 9.956e-03 2.130e-03
 1.135e-09 1.650e-12 1.589e-03 6.674e-17 1.376e-03 3.812e-02 2.293e-15
 2.509e-10 1.470e-03 1.470e-03 2.277e-10 3.779e-17 1.461e-02 2.619e-03
 1.849e-03 5.446e-19 2.070e-16 1.535e-03 1.470e-03 1.296e-02 6.674e-17
 7.361e-32 1.650e-12 1.008e-02 1.470e-03 3.539e-15 4.109e-11 3.481e-16
 1.650e-12 2.293e-15 2.293e-15 1.459e-03 3.779e-17 2.293e-15 6.673e-03
 1.470e-03 2.619e-03 1.650e-12 2.976e-03 2.619e-03 4.930e-03 3.410e-17
 2.954e-03 2.619e-03 8.860e-17 6.778e-03 4.943e-02 2.619e-03 2.579e-09
 1.536e-16 2.121e-19 3.779e-17 2.293e-15 2.141e-09 5.094e-20 7.103e-03
 2.271e-03 3.410e-17 2.070e-16 2.590e-18 3.063e-03 1.629e-16 0.000e+00
 1.650e-12 4.518e-17 5.867e-19 1.879e-19 1.926e-03 2.328e-10 6.496e-17
 1.650e-12 1.024e-20 1.470e-03 1.561e-03 2.941e-11 1.650e-12 1.650e-12
 5.757e-02 2.619e-03 1.470e-03 7.904e-23 1.221e-02 5.849e-11 6.674e-17
 1.812e-18 3.483e-11 2.619e-03 5.446e-19 2.043e-17 1.225e-18 4.890e-03
 8.860e-17 2.042e-19 2.304e-16 2.590e-18 1.849e-03 1.650e-12 6.674e-17
 1.470e-03 1.024e-20 1.327e-03 1.535e-03 1.812e-18 2.141e-03 6.496e-17
 8.860e-17 3.410e-17 4.250e-11 2.590e-18 2.070e-16 2.590e-18 2.293e-15
 1.444e-09 8.860e-17 2.042e-19 1.849e-03 1.650e-12 4.040e-03 3.367e-03
 1.470e-03 2.130e-03 1.650e-12 2.682e-16 2.619e-03 2.293e-15 1.409e-09
 2.590e-18 1.050e-09 6.787e-17 6.345e-19 6.496e-17 1.926e-03 2.590e-18
 2.293e-15 3.625e-16 1.962e-10 1.849e-03 5.094e-20 1.561e-03 2.293e-15
 5.867e-19 2.070e-16 3.410e-17 2.590e-18 1.162e-10 2.130e-03 1.470e-03
 5.118e-21 2.310e-10 1.008e-02 7.526e-11 2.293e-15 2.619e-03 7.904e-23
 4.971e-02 2.619e-03 1.926e-03 2.169e-03 6.496e-17 2.398e-10 1.535e-03
 6.674e-17 2.293e-15 2.070e-16 8.522e-19 3.410e-17 2.619e-03 1.650e-12
 6.496e-17 1.812e-18 7.453e-03 2.590e-18 7.218e-03 0.000e+00 7.361e-32
 1.418e-10 2.246e-36 2.070e-16 3.515e-03 1.650e-12 3.410e-17 5.245e-10
 3.094e-15 1.650e-12 8.932e-16 2.043e-17 1.470e-03 1.376e-03 3.410e-17
 1.470e-03 1.926e-03 9.108e-03 2.293e-15 1.376e-03 6.496e-17 2.293e-15
 2.070e-16 2.976e-03 7.512e-11 2.070e-16 2.646e-15 2.070e-16 4.225e-02
 1.452e-02 2.274e-10 2.293e-15 2.619e-03 7.361e-32 3.223e-29 1.899e-10
 7.361e-32 1.650e-12 8.860e-17 2.590e-18 1.812e-18 1.535e-03 8.860e-17
 1.650e-12 3.223e-29 1.650e-12 5.446e-19 8.860e-17 4.652e-03 5.849e-11
 5.446e-19 2.590e-18 7.904e-23 4.330e-02 8.720e-20 6.799e-11 3.539e-15
 5.849e-11 1.650e-12 3.383e-03 6.496e-17 6.674e-17 2.293e-15 1.650e-12
 8.860e-17 2.271e-03 1.327e-03 8.860e-17 2.293e-15 6.674e-17 1.867e-10
 3.410e-17 1.650e-12 7.904e-23 5.446e-19 8.860e-17 1.309e-11 2.463e-03
 3.410e-17 2.619e-03 2.630e-19 6.496e-17 1.470e-03 1.470e-03 6.496e-17
 2.293e-15 6.674e-17 8.860e-17 2.619e-03 1.947e-09 1.524e-02 8.860e-17
 5.446e-19 2.590e-18 7.488e-19 1.955e-10 7.904e-23 6.496e-17 5.118e-21
 1.650e-12 2.746e-15 1.470e-03 5.446e-19 1.650e-12 8.932e-16 8.932e-16
 2.043e-17 3.410e-17 1.890e-09 1.623e-19 0.000e+00 2.398e-10 2.590e-18
 2.500e-15 1.650e-12 1.650e-12 1.113e-02 2.590e-18 1.045e-16 1.024e-20
 7.488e-19 3.410e-17 2.293e-15 1.376e-03 7.526e-11 8.001e-03 1.605e-10
 1.629e-16 8.099e-03 2.130e-03 2.070e-16 1.650e-12 5.446e-19 1.650e-12
 2.042e-19 2.869e-11 1.671e-11 2.293e-15 7.361e-32 1.561e-03 4.890e-03
 1.650e-12 1.376e-03 3.489e-03 2.242e-10 1.650e-12 7.904e-23 8.860e-17
 3.464e-16 2.619e-03 7.526e-11 2.853e-09 3.410e-17 1.650e-12 1.170e-10
 3.439e-10 2.130e-03 2.293e-15 2.293e-15 1.663e-03 2.853e-09 7.511e-20
 3.410e-17 3.410e-17 6.345e-19 4.239e-10 2.293e-15 2.619e-03 5.123e-03
 6.674e-17 8.860e-17 2.148e-10 2.619e-03 2.619e-03 1.646e-10 2.619e-03
 2.328e-09 2.579e-09 1.470e-03 1.650e-12 3.410e-17 1.754e-15 2.070e-16
 3.410e-17 1.024e-20 7.904e-23 2.602e-09 7.361e-32 1.623e-19 3.063e-03
 1.470e-03 0.000e+00 5.030e-03 1.470e-03 2.070e-16 7.904e-23 1.327e-03
 8.543e-03 1.926e-03 6.674e-17 3.428e-03 3.410e-17 5.903e-19 1.825e-09
 9.585e-02 6.674e-17 6.787e-17 2.293e-15 1.024e-20 7.904e-23 1.650e-12
 1.589e-03 2.590e-18 2.509e-10 4.053e-11 2.869e-11 3.223e-29 6.496e-17
 7.904e-23 2.619e-03 2.293e-15 7.904e-23 2.619e-03 1.849e-03 1.852e-16
 7.904e-23 8.543e-03 1.650e-12 1.650e-12 7.934e-10 3.515e-03 3.410e-17
 7.904e-23 6.015e-03 3.585e-10 2.412e-27 8.720e-20 1.650e-12 5.724e-11
 6.674e-17 3.075e-10 2.619e-03 4.012e-10 7.904e-23 1.650e-12 7.904e-23]