[0.002 0.002 0.002 0.002 0.002 0.002 0.011 0.003 0.002 0.002 0.002 0.003
 0.002 0.002 0.002 0.002 0.002 0.003 0.002 0.003 0.002 0.002 0.002 0.002
 0.002 0.002 0.015 0.002 0.002 0.002 0.002 0.002 0.002 0.002 0.002 0.003
 0.002 0.002 0.002 0.005 0.002 0.002 0.002 0.002 0.002 0.002 0.002 0.003
 0.002 0.002 0.002 0.002 0.002 0.002 0.006 0.002 0.002 0.002 0.002 0.004
 0.002 0.003 0.002 0.002 0.002 0.002 0.002 0.002 0.003 0.002 0.002 0.002
 0.002 0.002 0.003 0.003 0.002 0.002 0.002 0.002 0.002 0.002 0.002 0.002
 0.002 0.002 0.002 0.002 0.002 0.002 0.002 0.002 0.002 0.002 0.002 0.008
 0.002 0.003 0.002 0.003 0.002 0.002 0.002 0.002 0.002 0.002 0.002 0.002
 0.002 0.002 0.002 0.002 0.002 0.002 0.002 0.003 0.002 0.004 0.002 0.002
 0.002 0.002 0.002 0.004 0.002 0.002 0.008 0.002 0.002 0.002 0.003 0.002
 0.002 0.002 0.004 0.002 0.002 0.002 0.002 0.002 0.002 0.002 0.002 0.002
 0.002 0.002 0.002 0.002 0.002 0.002 0.002 0.002 0.002 0.002 0.002 0.002
 0.005 0.002 0.002 0.002 0.002 0.002 0.002 0.002 0.002 0.002 0.004 0.002
 0.002 0.002 0.002 0.002 0.002 0.002 0.002 0.002 0.002 0.003 0.002 0.002
 0.002 0.002 0.002 0.004 0.003 0.002 0.002 0.002 0.002 0.002 0.002 0.002
 0.002 0.003 0.002 0.002 0.002 0.004 0.002 0.002 0.002 0.002 0.002 0.008
 0.002 0.002 0.002 0.002 0.004 0.002 0.002 0.002 0.002 0.003 0.002 0.002
 0.002 0.002 0.002 0.002 0.002 0.002 0.002 0.002 0.003 0.004 0.002 0.002
 0.002 0.002 0.002 0.003 0.002 0.002 0.002 0.002 0.002 0.002 0.002 0.002
 0.002 0.002 0.002 0.002 0.002 0.002 0.002 0.002 0.002 0.002 0.002 0.008
 0.003 0.004 0.002 0.002 0.002 0.002 0.003 0.002 0.002 0.002 0.002 0.002
 0.002 0.002 0.002 0.002 0.002 0.002 0.002 0.002 0.002 0.002 0.002 0.002
 0.007 0.002 0.003 0.003 0.002 0.002 0.002 0.002 0.002 0.002 0.002 0.002
 0.002 0.002 0.002 0.002 0.002 0.004 0.002 0.002 0.002 0.002 0.002 0.002
 0.002 0.002 0.002 0.003 0.002 0.002 0.002 0.002 0.002 0.002 0.002 0.002
 0.002 0.004 0.002 0.002 0.002 0.002 0.004 0.002 0.002 0.002 0.002 0.002
 0.002 0.002 0.002 0.002 0.002 0.002 0.002 0.002 0.002 0.002 0.004 0.002
 0.002 0.002 0.002 0.003 0.002 0.002 0.002 0.002 0.002 0.002 0.002 0.002
 0.002 0.003 0.002 0.002 0.002 0.002 0.002 0.002 0.002 0.002 0.002 0.002
 0.002 0.002 0.002 0.002 0.002 0.002 0.002 0.004 0.002 0.002 0.002 0.004
 0.002 0.002 0.003 0.002 0.002 0.003 0.005 0.002 0.002 0.002 0.002 0.003
 0.002 0.002 0.002 0.002 0.002 0.002 0.002 0.002 0.002 0.002 0.004 0.002
 0.002 0.003 0.002 0.003 0.003 0.002 0.002 0.002 0.002 0.002 0.002 0.002
 0.002 0.003 0.002 0.002 0.002 0.002 0.002 0.002 0.002 0.002 0.002 0.002
 0.002 0.002 0.002 0.002 0.002 0.002 0.002 0.015 0.002 0.003 0.002 0.002
 0.002 0.002 0.002 0.002 0.002 0.003 0.002 0.002 0.002 0.002 0.002 0.002
 0.002 0.002 0.002 0.002 0.002 0.002 0.002 0.002 0.002 0.002 0.002 0.002
 0.002 0.002 0.002 0.002 0.002 0.003 0.002 0.005 0.002 0.006 0.002 0.002
 0.002]