[0.    0.    0.    0.    0.    0.    0.    0.    0.    0.    0.    0.
 0.    0.    0.037 0.    0.    0.    0.    0.    0.    0.    0.    0.
 0.    0.    0.    0.    0.    0.    0.    0.    0.    0.    0.    0.
 0.    0.    0.    0.    0.    0.    0.    0.    0.    0.    0.    0.
 0.    0.    0.    0.    0.    0.004 0.    0.    0.    0.    0.    0.
 0.    0.    0.    0.    0.    0.    0.    0.    0.    0.    0.    0.
 0.    0.    0.    0.    0.    0.001 0.    0.    0.    0.    0.    0.
 0.    0.    0.    0.    0.    0.    0.    0.    0.    0.    0.    0.
 0.    0.    0.    0.    0.    0.    0.    0.    0.    0.    0.    0.
 0.    0.    0.    0.    0.    0.    0.    0.    0.    0.    0.    0.
 0.    0.    0.    0.    0.    0.    0.    0.    0.    0.    0.    0.
 0.    0.    0.    0.    0.    0.    0.    0.    0.    0.    0.    0.
 0.    0.    0.    0.    0.    0.    0.    0.    0.    0.    0.02  0.
 0.    0.    0.    0.    0.    0.    0.    0.    0.009 0.    0.    0.
 0.    0.    0.    0.    0.    0.    0.    0.    0.    0.    0.009 0.
 0.    0.    0.    0.    0.    0.    0.    0.    0.    0.    0.    0.
 0.    0.    0.    0.    0.    0.    0.    0.    0.    0.    0.    0.
 0.    0.    0.    0.    0.    0.    0.    0.    0.    0.    0.    0.
 0.    0.    0.    0.    0.    0.    0.038 0.    0.    0.    0.    0.
 0.    0.    0.    0.031 0.    0.    0.    0.    0.    0.    0.    0.
 0.    0.    0.    0.    0.    0.    0.    0.    0.    0.    0.    0.
 0.    0.    0.    0.    0.    0.    0.    0.    0.    0.    0.    0.
 0.    0.    0.    0.    0.    0.    0.    0.    0.    0.    0.    0.
 0.    0.    0.    0.    0.    0.    0.    0.    0.    0.    0.    0.
 0.    0.    0.    0.    0.    0.    0.    0.    0.    0.    0.    0.
 0.    0.    0.    0.    0.    0.    0.    0.    0.    0.    0.    0.
 0.    0.    0.    0.    0.    0.    0.    0.    0.    0.    0.    0.
 0.    0.    0.    0.    0.011 0.    0.    0.    0.    0.    0.    0.
 0.    0.038 0.    0.    0.    0.    0.    0.    0.    0.    0.    0.
 0.    0.    0.    0.    0.    0.    0.    0.    0.    0.    0.    0.
 0.001 0.    0.    0.    0.    0.    0.    0.    0.    0.    0.001 0.
 0.    0.    0.    0.    0.    0.    0.    0.    0.    0.    0.022 0.
 0.    0.    0.    0.    0.    0.    0.    0.037 0.    0.    0.    0.
 0.    0.    0.    0.    0.    0.    0.    0.    0.    0.    0.    0.
 0.    0.    0.    0.    0.024 0.    0.    0.    0.    0.    0.    0.
 0.    0.    0.011 0.004 0.    0.    0.    0.    0.    0.    0.033 0.037
 0.    0.    0.    0.    0.    0.    0.    0.    0.    0.    0.    0.
 0.    0.    0.    0.    0.    0.    0.    0.    0.023 0.    0.    0.
 0.    0.    0.    0.    0.    0.    0.    0.    0.    0.    0.    0.
 0.    0.    0.    0.038 0.    0.    0.    0.    0.    0.    0.    0.
 0.    0.    0.    0.    0.    0.    0.    0.    0.    0.    0.    0.
 0.    0.    0.    0.    0.    0.    0.    0.    0.    0.    0.    0.
 0.    0.    0.    0.    0.    0.    0.    0.    0.    0.    0.    0.
 0.    0.    0.    0.    0.    0.    0.    0.01  0.    0.    0.    0.
 0.    0.    0.    0.004 0.    0.    0.    0.    0.    0.    0.    0.
 0.    0.    0.    0.    0.    0.    0.    0.    0.    0.    0.046 0.
 0.    0.014 0.    0.    0.    0.    0.    0.    0.    0.    0.    0.
 0.    0.    0.    0.    0.011 0.    0.    0.    0.    0.    0.    0.
 0.    0.    0.    0.    0.    0.    0.    0.    0.    0.    0.    0.023
 0.004 0.    0.    0.    0.    0.    0.009 0.    0.    0.    0.    0.
 0.    0.    0.    0.    0.    0.    0.    0.    0.037 0.    0.    0.
 0.    0.    0.    0.    0.    0.    0.    0.    0.    0.    0.    0.
 0.    0.    0.    0.    0.    0.    0.    0.    0.    0.    0.    0.
 0.    0.    0.    0.    0.    0.    0.    0.    0.    0.    0.    0.
 0.    0.    0.    0.    0.    0.    0.    0.    0.    0.    0.    0.
 0.    0.    0.    0.    0.    0.    0.    0.    0.    0.    0.    0.
 0.    0.011 0.    0.    0.    0.    0.    0.    0.    0.    0.    0.
 0.    0.    0.    0.    0.    0.    0.    0.    0.    0.026 0.    0.
 0.    0.    0.    0.014 0.    0.    0.    0.    0.    0.    0.    0.
 0.    0.037 0.    0.    0.    0.    0.    0.    0.    0.    0.    0.
 0.    0.    0.    0.    0.    0.    0.    0.    0.    0.    0.    0.
 0.    0.    0.    0.    0.    0.    0.095 0.    0.    0.    0.    0.
 0.    0.    0.    0.    0.    0.    0.    0.    0.    0.025 0.    0.
 0.    0.    0.    0.    0.    0.    0.    0.    0.    0.    0.    0.
 0.    0.    0.    0.    0.    0.    0.    0.    0.    0.    0.    0.
 0.    0.    0.    0.    0.    0.    0.    0.    0.    0.    0.    0.
 0.    0.    0.    0.    0.    0.    0.    0.    0.    0.    0.    0.
 0.    0.    0.    0.    0.    0.    0.    0.    0.    0.004 0.    0.
 0.    0.    0.011 0.    0.    0.    0.    0.    0.    0.    0.    0.
 0.002 0.    0.01  0.    0.03  0.    0.    0.002]