[1.512e-04 2.797e-03 6.985e-05 2.775e-03 2.769e-03 2.725e-03 2.725e-03
 2.299e-03 1.571e-04 1.735e-04 1.512e-04 1.020e-04 2.725e-03 2.133e-04
 1.048e-04 2.431e-04 2.882e-03 2.826e-03 4.851e-05 1.290e-04 1.346e-04
 2.814e-03 1.220e-04 9.191e-05 2.579e-04 1.020e-04 1.571e-04 9.191e-05
 2.725e-03 1.571e-04 1.465e-04 7.229e-05 2.897e-03 1.896e-04 1.486e-04
 2.277e-04 2.274e-03 2.876e-03 1.410e-04 3.540e-05 2.266e-03 4.851e-05
 2.725e-03 2.344e-04 8.068e-05 2.725e-03 1.812e-04 1.571e-04 6.548e-05
 1.248e-04 2.219e-05 2.737e-03 2.258e-04 2.273e-03 2.020e-04 2.725e-03
 1.085e-04 2.333e-04 7.196e-05 2.210e-04 1.512e-04 1.512e-04 2.725e-03
 1.512e-04 1.486e-04 1.571e-04 2.725e-03 1.404e-04 1.123e-04 2.879e-03
 9.191e-05 1.512e-04 1.571e-04 1.735e-04 2.364e-03 2.758e-03 2.797e-03
 2.101e-05 2.725e-03 7.229e-05 1.410e-04 2.725e-03 2.725e-03 2.817e-03
 2.725e-03 1.769e-04 2.725e-03 2.725e-03 2.725e-03 2.725e-03 2.725e-03
 1.623e-04 3.294e-04 2.926e-03 7.196e-05 1.660e-04 2.827e-03 1.253e-04
 2.725e-03 1.571e-04 2.311e-03 2.725e-03 2.782e-03 1.103e-04 1.821e-03
 2.725e-03 2.725e-03 2.776e-03 2.827e-03 2.506e-04 1.486e-04 2.802e-03
 4.851e-05 2.089e-04 2.725e-03 1.939e-03 6.603e-05 2.725e-03 2.058e-04
 3.540e-05 2.725e-03 8.592e-05 2.725e-03 2.725e-03 2.080e-04 8.392e-05
 2.725e-03 1.486e-04 2.274e-03 1.812e-04 1.102e-04 2.382e-04 4.851e-05
 2.725e-03 2.374e-03 1.837e-04 2.546e-04 2.115e-04 2.725e-03 2.769e-03
 2.725e-03 1.837e-04 2.725e-03 2.273e-03 2.725e-03 2.725e-03 2.047e-04
 2.725e-03 2.273e-03 2.817e-03 1.326e-04 7.715e-05 1.512e-04 6.025e-05
 1.444e-04 1.020e-04 3.806e-04 9.056e-04 2.797e-03 2.725e-03 2.725e-03
 9.191e-05 1.571e-04 1.486e-04 2.209e-04 1.020e-04 1.512e-04 1.517e-04
 1.245e-04 2.725e-03 2.725e-03 2.928e-04 1.285e-04 1.486e-04 2.725e-03
 1.620e-04 2.858e-04 2.725e-03 8.350e-05 2.725e-03 2.866e-03 2.752e-03
 2.101e-05 2.775e-03 2.273e-03 3.540e-05 2.274e-03 1.076e-04 2.915e-03
 1.486e-04 2.725e-03 2.760e-03 2.384e-04 1.512e-04 2.725e-03 1.837e-04
 2.532e-04 2.458e-04 1.346e-04 1.770e-04 7.229e-05 1.638e-04 2.888e-03
 3.057e-04 1.486e-04 2.274e-03 1.512e-04 1.410e-04 4.969e-05 1.812e-04
 1.465e-04 2.349e-03 1.020e-04 1.512e-04 9.191e-05 1.020e-04 7.715e-05
 1.486e-04 3.540e-05 2.288e-03 2.403e-03 1.492e-03 7.229e-05 9.191e-05
 5.095e-05 4.969e-05 1.346e-04 2.422e-03 2.725e-03 1.717e-04 2.827e-03
 2.258e-04 1.956e-04 2.734e-03 2.957e-04 1.182e-04 2.725e-03 1.923e-03
 1.486e-04 1.711e-04 1.571e-04 4.101e-05 1.969e-03 2.725e-03 1.486e-04
 2.725e-03 9.837e-05 2.725e-03 3.055e-04 2.876e-03 2.235e-04 2.725e-03
 2.725e-03 1.231e-04 2.124e-04 2.725e-03 2.896e-04 2.266e-03 2.274e-03
 1.512e-04 2.725e-03 2.725e-03 9.191e-05 2.725e-03 1.971e-04 2.133e-04
 1.735e-04 1.257e-04 2.776e-03 9.191e-05 2.797e-03 5.345e-05 1.939e-04
 2.725e-03 3.255e-05 1.571e-04 2.273e-03 2.725e-03 2.431e-04 2.785e-03
 1.571e-04 1.486e-04 6.513e-05 4.969e-05 1.512e-04 2.419e-03 4.969e-05
 2.725e-03 1.837e-04 2.852e-03 2.915e-03 1.895e-04 1.020e-04 1.837e-04
 2.725e-03 3.255e-05 1.285e-04 2.274e-03 2.725e-03 2.725e-03 2.725e-03
 2.773e-03 1.956e-04 1.410e-04 9.191e-05 2.773e-03 1.410e-04 2.430e-04
 1.182e-04 2.434e-03 2.459e-03 2.725e-03 2.725e-03 1.697e-04 2.725e-03
 1.505e-04 2.273e-03 2.725e-03 1.948e-03 1.208e-04 2.725e-03 2.422e-03
 1.123e-04 9.191e-05 2.866e-03 1.822e-03 2.725e-03 2.725e-03 2.773e-03
 1.410e-04 2.853e-03 4.851e-05 1.512e-04 2.725e-03 2.827e-03 2.725e-03
 2.725e-03 1.512e-04 2.725e-03 2.258e-04 3.540e-05 1.821e-03 1.534e-04
 1.512e-04 2.274e-03 1.513e-04 2.078e-04 2.725e-03 1.512e-04 1.956e-04
 1.571e-04 2.725e-03 1.571e-04 9.191e-05 2.725e-03 1.486e-04 1.346e-04
 2.910e-03 3.083e-04 2.725e-03 2.773e-03 2.796e-03 2.021e-04 4.018e-04
 2.422e-03 7.241e-05 2.375e-03 3.063e-04 1.486e-04 2.725e-03 2.725e-03
 2.725e-03 9.191e-05 2.725e-03 2.866e-03 2.554e-05 2.725e-03 2.725e-03
 3.540e-05 2.619e-04 1.199e-04 4.851e-05 4.446e-05 1.512e-04 1.896e-04
 7.974e-05 2.725e-03 2.725e-03 1.512e-04 2.273e-03 2.771e-04 1.220e-04
 1.512e-04 2.725e-03 2.725e-03 9.191e-05 1.312e-04 2.266e-03 4.851e-05
 2.274e-03 2.946e-03 1.020e-04 2.725e-03 2.156e-04 1.490e-04 2.725e-03
 7.240e-05 3.806e-04 4.969e-05 9.191e-05 5.107e-05 2.725e-03 9.828e-06
 2.387e-03 2.274e-03 2.725e-03 2.758e-03 4.851e-05 7.715e-05 7.626e-05
 2.725e-03 2.725e-03 1.022e-04 1.891e-04 2.797e-03 2.838e-03 2.725e-03
 1.434e-04 2.370e-03 2.725e-03 1.295e-04 1.020e-04 2.758e-03 2.431e-04
 2.056e-04 1.410e-04 2.725e-03 2.725e-03 2.882e-03 2.725e-03 4.969e-05
 2.801e-03 1.004e-04 2.854e-03 1.512e-04 1.346e-04 2.068e-04 2.475e-04
 2.771e-04 1.410e-04 1.302e-04 2.725e-03 2.725e-03 1.369e-03 1.760e-04
 1.512e-04 2.725e-03 2.747e-03 1.571e-04 3.176e-04 2.350e-03 7.144e-05
 3.349e-04 1.486e-04 2.274e-03 1.486e-04 1.022e-04 2.725e-03 2.725e-03
 4.446e-05 2.379e-04 2.725e-03 7.229e-05 1.137e-04 2.506e-04 2.725e-03
 7.229e-05 2.409e-04 2.815e-03 8.898e-05 9.191e-05 2.725e-03 8.955e-05
 7.196e-05 3.083e-04 2.758e-03 3.610e-04 2.817e-03 9.191e-05 2.532e-04
 2.266e-03 2.758e-03 3.176e-04 1.486e-04 7.196e-05 2.792e-03 7.229e-05
 2.725e-03 2.725e-03 1.486e-04 2.725e-03 1.048e-04 2.725e-03 5.487e-05
 2.725e-03 1.761e-04 2.882e-03 2.725e-03 2.725e-03 2.725e-03 2.209e-04
 2.725e-03 1.290e-04 3.323e-04 1.512e-04 7.229e-05 1.410e-04 2.051e-04
 2.725e-03 3.540e-05 2.785e-04 6.271e-05 2.725e-03 2.780e-03 1.571e-04
 8.898e-05 1.285e-04 1.956e-04 4.851e-05 3.540e-05 7.626e-05 2.839e-03
 2.725e-03 2.725e-03 1.512e-04 2.874e-03 7.229e-05 1.512e-04 1.404e-04
 1.486e-04 1.431e-04 2.725e-03 2.294e-03 1.020e-04 8.898e-05 3.381e-04
 2.725e-03 9.061e-04 9.298e-05 2.725e-03 2.786e-03 2.725e-03 1.410e-04
 1.486e-04 2.221e-04 2.720e-04 1.097e-04 1.062e-04 2.273e-03 4.446e-05
 2.758e-03 2.725e-03 4.969e-05 3.077e-04 2.266e-03 1.486e-04 2.758e-03
 1.113e-04 2.860e-03 2.101e-05 2.725e-03 2.513e-04 1.072e-04 1.512e-04
 2.758e-03 1.290e-04 2.855e-03 2.752e-03 4.090e-05 7.240e-05 1.712e-04
 1.356e-03 1.020e-04 2.725e-03 2.896e-04 1.512e-04 1.492e-03 1.512e-04
 1.512e-04 2.725e-03 3.540e-05 1.486e-04 2.279e-04 2.725e-03 2.209e-04
 2.817e-03 2.508e-04 2.274e-03 2.365e-03 1.468e-04 1.512e-04 1.571e-04
 5.345e-05 1.117e-04 1.812e-04 3.031e-03 3.776e-04 2.725e-03 4.851e-05
 1.512e-04 1.302e-04 4.851e-05 2.871e-03 2.273e-03 2.725e-03 1.486e-04
 1.837e-04 2.351e-03 2.506e-04 2.725e-03 5.345e-05 1.486e-04 2.725e-03
 2.725e-03 5.345e-05 2.725e-03 1.163e-04 2.797e-03 2.725e-03 7.715e-05
 1.696e-04 5.249e-04 2.725e-03 1.260e-04 2.895e-03 1.811e-04 1.571e-04
 1.512e-04 3.255e-05 2.725e-03 1.103e-04 2.773e-03 2.430e-03 1.512e-04
 7.229e-05 2.827e-03 1.837e-04 2.725e-03 1.182e-04 3.422e-04 9.191e-05
 2.725e-03 2.725e-03 3.540e-05 2.802e-03 2.089e-04 2.747e-03 2.874e-03
 1.486e-04 1.486e-04 2.785e-03 2.506e-04 7.715e-05 2.273e-03 2.648e-04
 1.486e-04 2.768e-03 1.137e-04 1.502e-04 9.191e-05 1.001e-04 1.896e-04
 1.571e-04 6.025e-05 1.449e-04 2.866e-03 2.725e-03 1.997e-04 2.725e-03
 9.191e-05 1.821e-03 1.571e-04 9.191e-05 1.486e-04 4.969e-05 2.876e-03
 2.725e-03 1.123e-04 1.020e-04 2.114e-04 3.261e-04 2.725e-03 2.314e-03
 2.274e-03 1.364e-04 2.725e-03 2.185e-04 2.817e-03 2.506e-04 7.621e-05
 2.725e-03 7.084e-05 2.725e-03 1.512e-04 2.340e-04 2.725e-03 1.410e-04
 1.571e-04 2.725e-03 2.725e-03 1.324e-04 2.725e-03 2.725e-03 2.725e-03
 2.976e-03 1.416e-04 3.868e-04 2.458e-04 2.725e-03 9.191e-05 2.725e-03
 3.057e-04 1.020e-04 1.571e-04 2.725e-03 1.505e-04 1.571e-04 2.725e-03
 3.057e-04 2.603e-04 1.505e-04 2.866e-03 2.725e-03 2.725e-03 1.507e-04
 4.969e-05 1.642e-04 1.410e-04 2.401e-04 2.274e-03 2.725e-03 1.001e-04
 1.486e-04 2.832e-03 8.107e-05 2.906e-03 3.540e-05 1.516e-04 2.725e-03
 1.512e-04 2.725e-03 1.245e-04 2.725e-03 7.626e-05 2.725e-03 2.725e-03
 1.020e-04 9.191e-05 1.592e-04 2.725e-03 2.725e-03 2.401e-03 4.851e-05
 8.898e-05 2.725e-03 2.725e-03 2.827e-03 9.760e-04 1.486e-04 4.851e-05
 2.773e-03 2.529e-04 2.725e-03 2.725e-03 1.571e-04 1.410e-04 8.898e-05
 1.486e-04 2.827e-03 2.295e-03 2.566e-03 1.896e-04 1.020e-04 2.725e-03
 2.725e-03 2.849e-03 1.486e-04 1.512e-04 9.191e-05 2.785e-03 2.725e-03
 7.084e-05 2.532e-04 3.255e-05 9.191e-05 1.486e-04 2.124e-04 2.725e-03
 1.486e-04 2.733e-03 1.512e-04 2.725e-03 1.517e-04 1.783e-04 2.068e-04
 4.969e-05 2.725e-03 1.512e-04 1.983e-04 2.725e-03 9.191e-05 2.999e-04
 2.725e-03 0.000e+00 2.835e-03 1.252e-04 2.725e-03 0.000e+00 0.000e+00
 1.022e-04 2.725e-03 2.725e-03 2.725e-03 0.000e+00 9.191e-05 2.725e-03
 2.827e-03 2.725e-03 0.000e+00 1.020e-04 0.000e+00 2.832e-04 0.000e+00
 2.725e-03 2.235e-04 0.000e+00]